function [fn, FnVar, FnGrad, FnGradCov, constraint, ConstraintCov, ConstraintGrad, ConstraintGradCov] = POMDPController(theta, runlength, seed, ~)

% theta is a vector of the coefficients of the linear controller
% runlength is the number of sample paths of the Markov chain to simulate
% seed is the index of the substreams to use (integer >= 1)
% other is not used

% RETURNS: fn (cumulative undiscounted costs), FnVar

%   ********************************************
%   *** Code written by David Eckman         ***
%   ***        dje88@cornell.edu             ***
%   ********************************************

%Note: RandStream.setGlobalStream(stream) can only be used for Matlab
%versions 2011 and later
%For earlier versions, use the method RandStream.setDefaultStream(stream)

FnGrad = NaN;
FnGradCov = NaN;
constraint = NaN;
ConstraintCov = NaN;
ConstraintGrad = NaN;
ConstraintGradCov = NaN;

if ((runlength <= 0) || (runlength ~= round(runlength)) || (seed <= 0) || (round(seed) ~= seed))
    fprintf('runlength should be positive integer, seed must be a positive integer\n');
    fn = NaN;
    FnVar = NaN;

else

    % Generate new streams for Markov chain evolution and observation
    % process
    [MarkovChainStream, ObservationStream] = RandStream.create('mrg32k3a', 'NumStreams', 2);

    % Set the substream to the "seed"
    MarkovChainStream.Substream = seed;
    ObservationStream.Substream = seed;
    
    % Temporarily store old stream
    OldStream = RandStream.setGlobalStream(MarkovChainStream);
    %OldStream = RandStream.setDefaultStream(MarkovChainStream);%versions 2010 and earlier

    % P, B, and c are all problem-specific

	% Transition probability matrix (d states)
    P = [0.0347007303644225,0.127302304326518,0.0735991046100071,0.106051484749382,0.0677816665796211,0.112914809397023,0.0563453495907650,0.122143028767591,0.148340715075572,0.0576254072782819,0.0931953992608162;0.128413983171596,0.0308996230487761,0.124747479132225,0.00448426976859797,0.155258436312669,0.0669962313106480,0.125638061642220,0.0579048029616315,0.155231077125965,0.0519323733369123,0.0984936621887598;0.233947466064137,0.226116779971696,0.0109308050280266,0.0901421017254033,0.155415918699519,0.0873625344527790,0.0691840090542644,0.0950349855256105,0.000320898915455260,0.0211400519880200,0.0104044485750898;0.130082715531313,0.128985103979480,0.151396692341259,0.0302996668985180,0.0927910398064530,0.0614276171836728,0.0578194283761247,0.124226447510549,0.145611075864708,0.0571706189309635,0.0201895935769575;0.123375048667116,0.151545426343788,0.109927163824031,0.0603981961654742,0.109215415642478,0.0408258137503701,0.00808726913054364,0.122534239378724,0.0592741897333934,0.133292237899905,0.0815249994641756;0.161142872528334,0.0915127073130852,0.0407380694786676,0.0121078637340721,0.0629443668709330,0.0910223185150768,0.0281294801680035,0.0229005042603078,0.140658088365592,0.136651700999975,0.212192027765954;0.0922667891556501,0.150315859186258,0.115468765999805,0.00950296924109644,0.136539362560600,0.107353655875662,0.0974530303911625,0.108606758424077,0.157946395085418,0.0149744893760050,0.00957192470426659;0.131862607942017,0.131629216913721,0.161987799816439,0.0640813318120621,0.0496657469766561,0.0150838826469401,0.126239526670045,0.0545397379628670,0.161714823375662,0.101373035077686,0.00182229080590475;0.0102440145066777,0.124378311026034,0.137650339079580,0.155770485801993,0.0393144520884210,0.0996376487685899,0.128701199296754,0.136489267159481,0.0424535403320412,0.0393712019035598,0.0859895400368683;0.0217876495198295,0.0248199059128909,0.117610446211176,0.101282705318682,0.124688810029452,0.0251335695715503,0.0631903946170373,0.0990520120047121,0.0606508818751689,0.171736708272049,0.190046916667452;0.0343218001055322,0.152454080851022,0.0761477412973924,0.0817350423958867,0.0227325889797350,0.143010144868777,0.0525237667998591,0.126241014741181,0.156422023351079,0.000587941508977390,0.153823855100559];
    %P = [0.8, 0.2, 0; 0.15, 0.7, 0.15; 0, 0.2, 0.8];

	% Controlled observation matrices (d observations)
	B = [0.0988470758546687,0.129659092101141,0.0293914715824261,0.0839380994981522,0.0404116419176748,0.103015602499958,0.105188856852886,0.148918067081540,0.0717329546953497,0.0454897467353714,0.143407391180832;0.120094714680475,0.122360548652967,0.0701884184291110,0.0627218794520158,0.0127569944203785,0.119113471673626,0.108843672716857,0.0868334205018653,0.0921052882250620,0.110163388789504,0.0948182024581383;0.120176695869820,0.0698906054570987,0.0995450068014594,0.0539200191080084,0.0187178782912157,0.152336501388400,0.212959278459990,0.0955027461463597,0.0446507007252551,0.0666349252958102,0.0656656424565837;0.145322834369919,0.158831727011084,0.0201375927011503,0.141248152404759,0.160743807704486,0.0974994967864642,0.0188788376022022,0.0861136662771507,0.0198421488804725,0.0461720552194791,0.105209681042833;0.0661883622125263,0.0821749021343825,0.0849043264072352,0.121313880837928,0.00416284033291010,0.00832262958085653,0.101221409068760,0.0528211337661332,0.167412872888017,0.112928269962919,0.198549372808332;0.0355184078210465,0.0267128841537423,0.119226220677303,0.0795898993255241,0.0253993809945523,0.141170675117433,0.134309078608425,0.0854886814494527,0.123195264854184,0.136632327249159,0.0927571797491787;0.0316279120511704,0.114071768571962,0.0963017594247347,0.0916677048457544,0.102008822157087,0.0819830863503939,0.119341450457566,0.152041544092718,0.137239856976313,0.0195819242215973,0.0541341708507027;0.104629490801100,0.0661321780582064,0.0843853318348882,0.0736220183905788,0.131293723100025,0.0289338497290791,0.113982509258837,0.137303328558656,0.00490125730511739,0.145873240568718,0.108943072394795;0.0299861841819640,0.191669979932343,0.0829820653922597,0.138365389674852,0.192390319238476,0.0769499124305459,0.0440826545767188,0.0722668070969375,0.0820436204462076,0.0319526156101196,0.0573104514195763;0.0753871198421562,0.106195772655495,0.121758506239425,0.102796925141131,0.133918132340720,0.124711860700035,0.0740495933895680,0.123365915726474,0.0346237648516147,0.101868331712716,0.00132407740066499;0.186965996383266,0.128661185394969,0.0898004171265345,0.134008544380052,0.0626558448008460,0.185422077941357,0.0837863574119319,0.00215302106393357,0.0595744334247203,0.0116444116165020,0.0553277104558880];
    B(:,:,2) = [0.0639189100678433,0.0599300958812862,0.0356408664797089,0.109223207244011,0.0635380542311373,0.0138084580025535,0.126949296089535,0.0904623749976168,0.181404379210557,0.101135489106195,0.153988868689555;0.0324386838458473,0.0574589056622134,0.173094142184793,0.149900909696581,0.120684441469882,0.0211143712264796,0.0575249393690657,0.0981706153544434,0.0142130496327125,0.109978210286320,0.165421731271662;0.0259116934958446,0.0497124701576539,0.179340000220679,0.0428299586442791,0.118659775705416,0.126538160446910,0.0482292514223580,0.177732420024387,0.0313767583877217,0.154702321342755,0.0449671901519960;0.0814821007318295,0.128964657128368,0.139617689217623,0.125685753389463,0.00591315523968123,0.0687977103637748,0.0746920628872194,0.0841656877717806,0.0790112376178323,0.0730530778916134,0.138616867760815;0.158814266011306,0.143160729335843,0.106846803776146,0.173157913843905,0.114518525057657,0.0680366490909185,0.0104115015152520,0.0654292692726060,0.0203465058374923,0.113503176417191,0.0257746598416839;0.0647864075968554,0.113389400186845,0.0356095194560962,0.0987712592779600,0.0802691802569089,0.0720323344931437,0.132829200663421,0.0997245554077398,0.0832455575041224,0.155417580406264,0.0639250047506446;0.0693681420522321,0.119617609261932,0.0878751843331723,0.0670499442188839,0.0626639307056111,0.0863935724379311,0.114394235237771,0.0186449084035140,0.126812178822189,0.136333373755202,0.110846920771562;0.154114392826936,0.0445430937863719,0.0721762355896191,0.0834349056862279,0.147952791496084,0.130963639829325,0.0833399179153357,0.167987476569569,0.0140267925579596,0.0602596234119557,0.0412011303306158;0.154155630497282,0.164415955129022,0.104712046410857,0.0894065829431146,0.102508925878796,0.0742165385520624,0.0236058497068547,0.177394102720393,0.0451092362327615,0.00180717269643270,0.0626679592324237;0.00812352888745838,0.0664787059243996,0.0529309445830962,0.213181706518979,0.0501923823520138,0.171680178372179,0.0401192467470170,0.177816084784807,0.0180023070482218,0.103017264133043,0.0984576506487856;0.139883175529770,0.0719393838197577,0.134238949860512,0.0878166749673965,0.130644933634874,0.0978216727290307,0.0244295592711345,0.0941258130258054,0.0656592353406362,0.0887704494444012,0.0646701523766814];
    %B = [0.9, 0.1, 0; 0.1, 0.8, 0.1; 0, 0.4, 0.6];
	%B(:,:,2) = [0.6, 0.4, 0; 0.3, 0.4, 0.3; 0, 0.1, 0.9];

	% Costs C(pi,u) = c_u'*pi + alpha(1 - pi'*pi)
	c = [0.244274909542228,0.817533193045374;0.577956311347792,0.166769445512147;0.750349723442443,0.976597835250914;0.488324714390980,0.323140419344238;0.709431242024033,0.763892927914842;0.667050404721241,0.500579076147155;0.259757544069168,0.179994552047060;0.577820729377267,0.0763669736438566;0.384238145664016,0.847146609368594;0.225910151093453,0.815176632833168;0.160555533103855,0.938405165100721];
    %c = [0.5, 1; 0.75, 0.25; 0.25, 0.5]; % c(x,u) = cost of action u in state x
	alpha = 1; % Parameter for cost function

    T = 100; % Length of time horizon for sample path

    d = size(P,1); % Number of states = number of observations
    
	% Sample path costs
	costs = zeros(runlength,1);

    for r = 1:runlength
        
        % Set stream for generating Markov chain
        RandStream.setGlobalStream(MarkovChainStream);
        %RandStream.setDefaultStream(MarkovChainStream);%versions 2010 and earlier
        
		% Simulate a random sample path of the Markov chain
		X = zeros(1,T+1);

		% Generate starting state uniformly at random
		X(1) = unidrnd(d);

		% Simulate the rest of the sample path
    	for t = 2:T+1
	        current_cumul_dist = cumsum(P(X(t-1),:));
    	    R = rand();
        	X(t) = find(current_cumul_dist >= R, 1);
    	end
	    
	    % Generate initial pi_state from Dirichilet
	    x = exprnd(1,d,1);
	    pi_state = x/sum(x);

	    for t = 1:T+1
	        
	        % Step 1: Choose action by linear controller
            if pi_state(2:d)'*[1, theta(1:d-2)]' < theta(d-1)
                mu = 1;
            else
            	mu = 2;
            end
            	
	        % Step 2: Incur cost
	        costs(r) = costs(r) + c(:,mu)'*pi_state + alpha*(1-pi_state'*pi_state);
	      
	        % Step 3: Evolve Markov chain
	        % Already done since full sample path X has been generated

            % Set stream for generating observations
            RandStream.setGlobalStream(ObservationStream);
            %RandStream.setDefaultStream(ObservationStream);%versions 2010 and earlier
            
	        % Step 4: Record observation
	        R = rand();
	        y = find(cumsum(B(X(t),:,mu)) > R, 1);
	            
	        % Step 5: Update belief state
			pi_state = (diag(B(:,y,mu))*P'*pi_state)/(ones(d,1)'*diag(B(:,y,mu))*P'*pi_state);

	    end
    end

    % Record final mean and variance of cumulative costs
	fn = mean(costs);
	FnVar = var(costs);
    
    %Restore old Random number stream
    RandStream.setGlobalStream(OldStream);
    %RandStream.setDefaultStream(OldStream); %versions 2010 and earlier
end